time,x,y,z,phi,theta,psi,x_velocity,y_velocity,z_velocity,phi_velocity,theta_velocity,psi_velocity,rotor_speed1,rotor_speed2,rotor_speed3,rotor_speed4
0.06,-4.49033522583e-07,-8.12594180225e-08,10.0032729908,6.28290407718,0.000387331008494,0.0,-3.74644084314e-05,-1.49631805911e-05,0.109094747295,-0.0162671323343,0.0169677966528,0.0,438.75207182719976,440.1582112275327,440.768905735467,439.42279624100223
0.12000000000000001,-1.45461410714e-05,-1.06063186689e-05,10.0128574999,6.28182092997,0.00129105515161,0.0,-0.000530945472422,-0.00044082283892,0.21037480196,-0.0218859212131,0.0109488899785,0.0,437.350758763455,436.8491516806888,437.78797041568225,437.3203392375024
0.18,-7.89332913392e-05,-7.35431335941e-05,10.0305286617,6.2801140581,0.00231338031442,0.0,-0.00171179591877,-0.00182055038876,0.378622102239,-0.0467000308588,0.0270559496446,0.0,457.21387514155515,458.49505171934766,459.3493793470643,457.3773943180868
0.23999999999999996,-0.000240110761628,-0.000262677988648,10.0579784511,6.27770019953,0.00385382299754,0.0,-0.00383567959416,-0.0047693710351,0.536307905546,-0.0297033448405,0.0227565828217,0.0,455.40151177139717,455.0576441846125,454.11459533209523,455.47485737092694
0.3,-0.000557270346515,-0.000671335323077,10.093549935,6.27563220955,0.00568343059539,0.0,-0.00690554540008,-0.00904990966566,0.649348279593,-0.0462803194239,0.0426628070036,0.0,440.69361014121677,442.3360073584097,441.85292175898985,440.48381498237706
0.36000000000000004,-0.00107918750158,-0.00135516263046,10.1323313621,6.27306493785,0.00816309663289,0.0,-0.0107093357984,-0.0139743139616,0.643365989432,-0.0365877517195,0.0385151060683,0.0,401.93843299498405,401.56351785281345,402.4627125176512,403.33766338058024
0.4200000000000001,-0.00189726762449,-0.00240600198026,10.1736372484,6.27211966051,0.0109556322843,0.0,-0.01681964184,-0.0211937272809,0.733438991457,0.00876670466395,0.0590710467424,0.0,433.08358061208685,434.8101463272145,432.55300347396656,436.3550151040661
0.48000000000000015,-0.0031443170646,-0.00390235832699,10.2204692229,6.27257749097,0.0144851792964,0.0,-0.0251056731586,-0.0286342562442,0.827558997998,0.00525531032109,0.0583309061695,0.0,435.81143198648084,435.7520670191323,435.6183762666443,435.3245799477341
0.5400000000000001,-0.00494749725365,-0.00582676206155,10.272014318,6.27269695858,0.0187155192918,0.0,-0.0353796821524,-0.0354901105766,0.89055750731,-0.00550208951062,0.0876712560346,0.0,424.78703457969107,427.2991014812329,425.91390211139526,424.99295842434685
0.6000000000000002,-0.00754893271776,-0.00820992812935,10.3320849889,6.27370745123,0.0235049097372,0.0,-0.0519440935123,-0.0438830117533,1.11159715242,0.0424038388096,0.0555317260822,0.0,475.8949531547152,473.4331713200312,472.7611157187169,476.4375720081984
0.6600000000000003,-0.0111867175174,-0.0110375509744,10.4027235921,6.27620875321,0.0267435383239,0.0,-0.0696628083836,-0.050100874401,1.24288229235,0.0402180123884,0.0506724640239,0.0,447.6794067393176,447.285795918859,448.6821446328482,448.50558408541076
0.7200000000000003,-0.015889518816,-0.0141687702231,10.4787825993,6.27842157872,0.0293503434301,0.0,-0.0873691632035,-0.0540532294793,1.29235624984,0.0291943051815,0.0222853726649,0.0,422.8553255117715,420.4041340213683,423.28113410345173,422.3321816881391
0.7800000000000004,-0.021730182278,-0.0175016092011,10.5588447115,6.28021633844,0.0314170855709,0.0,-0.107493710348,-0.056864363037,1.37627791092,0.0313117637337,0.0516008896017,0.0,433.09769897032135,435.55660570943235,432.6760531767255,432.85457482830213
0.8400000000000004,-0.0288146913673,-0.020965561768,10.6435828548,6.28205982689,0.034922290659,0.0,-0.128979649341,-0.0584184268555,1.44822693783,0.0295244948938,0.0694103228432,0.0,429.5243595911149,431.03436852677225,429.64985510837624,429.49866616905894
0.9000000000000005,-0.037382438646,-0.024489049751,10.7360225412,0.000874814947657,0.0386382577957,0.0,-0.15706331343,-0.0588140392198,1.63283215103,0.0400424778735,0.0395620180449,0.0,465.87823116113134,463.5411437528392,465.2087497091296,466.0319023908971
0.9600000000000005,-0.0477437959022,-0.0279861406873,10.8403059421,0.00351029041645,0.0409483399518,0.0,-0.188580737164,-0.0574571122446,1.84295276431,0.0507341401159,0.0362914717336,0.0,473.0762754651831,472.8250246482454,473.2079771363453,474.0311660678337
1.0200000000000005,-0.0599938128317,-0.0313413748053,10.9558133307,0.00604011425121,0.043155783063,0.0,-0.219987098484,-0.0540617085665,2.00700570897,0.0134363104434,0.0377707470469,0.0,460.43688391677097,460.5544638422843,461.4527793855965,458.5000308067474
1.0800000000000005,-0.0740960631606,-0.0344571252002,11.0792689757,0.00642972899078,0.0453589436346,0.0,-0.250309397717,-0.0497305860146,2.10798789667,-0.013389512582,0.0345294950093,0.0,441.22176106188596,440.9547302969791,442.74945981672965,440.53694209536917
1.1400000000000006,-0.0900912984929,-0.0373072055234,11.2093898176,0.00576014765429,0.047946635459,0.0,-0.283104928109,-0.0453505553385,2.22912986745,-0.00703642075188,0.0563527464651,0.0,446.9864477090912,448.76226652378665,448.0713423458681,448.58762848592494
1.2000000000000006,-0.108170997387,-0.0399006259063,11.3479379647,0.0054739650113,0.0516354898054,0.0,-0.319930821624,-0.0411375209846,2.38879698533,-0.000583112130635,0.0701473420017,0.0,459.5667904535646,460.6613719969062,460.5296198410011,461.03984197224736
1.2600000000000007,-0.12844076735,-0.0422573656986,11.4940327952,0.00536826597,0.0564242632969,0.0,-0.356177566201,-0.0374286148185,2.4808043981,-0.00422972681802,0.0942807463513,0.0,440.7677553263241,442.7626388294142,438.85843635395497,438.5556956115807
1.3200000000000007,-0.151118639108,-0.0443823997993,11.6479089182,0.00469209635454,0.0621200625519,0.0,-0.400366511118,-0.0334530446895,2.64798100393,-0.0315841284206,0.0961969137231,0.0,463.874548059662,464.03223159834744,464.9846884045878,462.8369176661306
1.3800000000000008,-0.176418353965,-0.0463017390251,11.8092837806,0.00225833007552,0.0680928003802,0.0,-0.443531159101,-0.0307272972462,2.73093882819,-0.0723824750267,0.105514633898,0.0,438.4075853081123,439.18972072455506,440.4374927967336,437.04888162404114
1.4400000000000008,-0.204439687917,-0.048116015937,11.9757598853,6.28086002943,0.0741588491677,0.0,-0.491122399876,-0.030193865526,2.81799711004,-0.085942321298,0.0903699394451,0.0,440.8935035378744,439.64931834450016,441.50517212567865,440.3802311209848
1.5000000000000009,-0.235468727935,-0.0499950991603,12.1478716142,6.27607269562,0.0798794135771,0.0,-0.54373234351,-0.0329464169068,2.91874735578,-0.0696899770442,0.103782474082,0.0,444.48390793275377,445.58938427120694,445.30637222155985,446.62864775668976
1.560000000000001,-0.269887396409,-0.0521451410402,12.3273866006,6.27237375353,0.0862468178812,0.0,-0.604213021824,-0.0391426608406,3.06462534382,-0.0491047831346,0.110432926166,0.0,459.3404390819743,459.876963910473,459.81698271510214,461.442132619253
1.620000000000001,-0.308162578153,-0.0547550791018,12.5166120496,6.26921693692,0.092547822631,0.0,-0.672322565973,-0.0481935663822,3.2423072245,-0.0607604718217,0.0910711038802,0.0,471.1557225981829,469.6651991611448,471.33657740892875,470.4332315039473
1.680000000000001,-0.350365370336,-0.0579356600773,12.7132825628,6.26623183118,0.098452912695,0.0,-0.734979430392,-0.0581395044494,3.31309056771,-0.0337987662965,0.110088579078,0.0,438.45215231793765,440.03760694854316,437.48254337605675,439.7200169572651
1.740000000000001,-0.397118515783,-0.0618828027958,12.920879024,6.26387140077,0.105076273283,0.0,-0.824235680812,-0.0736962989764,3.60578098574,-0.0537315085859,0.11098366903,0.0,504.946789139786,505.0205312343643,506.6403969945409,505.2045507952683
1.8000000000000012,-0.448642810841,-0.0666891430261,13.138879167,6.26062577722,0.112394578298,0.0,-0.893896793306,-0.0868175816716,3.66060022168,-0.0548278922883,0.137895135999,0.0,435.2775825835562,437.5373235707635,436.8534958904011,436.7600608788598
1.8600000000000012,-0.504841007024,-0.072415423317,13.3631794521,6.25693637554,0.120696370206,0.0,-0.980232121688,-0.104421165871,3.81540511354,-0.080149691628,0.139282238014,0.0,467.32021588492546,467.44504665039,470.2445540395923,468.2761065117844
1.9200000000000013,-0.565936944237,-0.079181905893,13.5929239748,6.2525084726,0.128945072891,0.0,-1.05704781392,-0.121540833734,3.8424981811,-0.0634313529755,0.133606500753,0.0,430.2428764973954,429.7802150230797,428.7057410380978,430.11946850882833
1.9800000000000013,-0.63203205572,-0.0871105146646,13.8260799224,6.24862775634,0.136693329124,0.0,-1.14687644034,-0.143115598165,3.92889345972,-0.0672963475922,0.118243818605,0.0,449.6308381411038,448.39936254255036,449.6999153407999,449.383682936123
2.0400000000000014,-0.703619887065,-0.0963979363571,14.0640135559,6.24527560129,0.144025599272,0.0,-1.24006082141,-0.166805850412,4.00179368605,-0.0394737352147,0.129130917269,0.0,445.6577081589737,446.5601376114144,444.80977755665054,447.08024850602385
2.1000000000000014,-0.781299082265,-0.107258949141,14.3086845616,6.24270880392,0.151630613707,0.0,-1.35001010354,-0.195468268527,4.15314365918,-0.0503818731025,0.121510164531,0.0,471.1677775823273,470.5918244068732,471.81379212091207,470.96988490063984
2.1600000000000015,-0.86519906544,-0.119752974623,14.558866789,6.23944259362,0.158498186185,0.0,-1.44729982496,-0.2212746969,4.18594554717,-0.0641147170522,0.094125641328,0.0,436.97917850171734,434.7017448920246,436.19199025652006,435.0414093087361
2.2200000000000015,-0.955490516235,-0.133976474725,14.8136516262,6.23545738964,0.163994772661,0.0,-1.56293487738,-0.253223855296,4.30621924395,-0.0714804378676,0.086036654191,0.0,464.80493957261706,464.1771539695346,463.7242755715095,463.1421580266304
2.2800000000000016,-1.05258921539,-0.150129423776,15.0741241609,6.23079888092,0.169245087476,0.0,-1.67416077701,-0.28561751183,4.37572257209,-0.0942914537513,0.0902897485988,0.0,450.0886792426617,450.43902558911327,449.8122950371422,447.9560125686959
2.3400000000000016,-1.15602367554,-0.168182780061,15.3361416679,6.22531102614,0.174200301598,0.0,-1.77412450789,-0.316626201791,4.35806001827,-0.0863404993294,0.0590739202545,0.0,423.6103576167575,420.92275363786376,421.80873795516624,422.48735543644386
2.4000000000000017,-1.26630547726,-0.188442590741,15.6013939943,6.22008960749,0.178364255599,0.0,-1.90227528623,-0.359209669211,4.48296134153,-0.0884252071879,0.0846080049313,0.0,466.92664793396943,468.9178515477294,468.28670545599533,468.11864989503914
2.4600000000000017,-1.38398609154,-0.211230192538,15.8719573193,6.2147728359,0.183564362773,0.0,-2.02087529235,-0.400853788681,4.53535144368,-0.0889905665049,0.0904976228976,0.0,446.6696256603649,447.1558806578273,447.1865142531586,447.1339715291791
2.520000000000002,-1.50888673795,-0.236615683373,16.1456094727,6.20934950438,0.189379704901,0.0,-2.14298887487,-0.445807356181,4.58589750648,-0.0933411025193,0.107386355921,0.0,447.283526626686,448.66482490758176,447.13990005074976,446.77848860389764
2.580000000000002,-1.64160349586,-0.264943461759,16.4241523848,6.20349111124,0.19654129771,0.0,-2.28153352411,-0.4989859683,4.69803512306,-0.108027161187,0.136314849453,0.0,466.5402639903144,468.8053581855196,468.47820920633814,467.3269762797096
2.640000000000002,-1.78306618003,-0.296693669765,16.7107097222,6.19712537793,0.205397043751,0.0,-2.43469843677,-0.559973939928,4.85274147149,-0.102490892759,0.163827660215,0.0,482.24404470591145,484.3359984352011,481.2947238044694,481.70468445150954
2.700000000000002,-1.93317029085,-0.331925501017,17.0028905712,6.19086861897,0.215193523325,0.0,-2.56964182077,-0.61494295691,4.88600433532,-0.108116779349,0.162146636721,0.0,447.12113625347314,447.0093735056466,447.7071652875679,447.2396964532805
2.760000000000002,-2.09177218811,-0.370657384392,17.2979567748,6.18495816182,0.225783786889,0.0,-2.71800648729,-0.676642789672,4.94871708772,-0.0841062688772,0.195767617358,0.0,457.17223658227175,459.87159966274425,456.5222231152969,458.42600373950785
2.820000000000002,-2.25922043622,-0.413078822527,17.5955284251,6.17973005195,0.238089363871,0.0,-2.86465183798,-0.737806584194,4.96964988646,-0.0940049675766,0.219157635799,0.0,445.2474141661076,447.1976822213909,447.1210884663419,446.3074793065528
2.880000000000002,-2.43563945529,-0.459233860816,17.8940176645,6.17401366378,0.251309452973,0.0,-3.01711259658,-0.801130966432,4.97927689232,-0.0979362842478,0.222586903942,0.0,444.59953740434474,444.92845907757123,444.13938412147655,443.8090344263336
2.940000000000002,-2.62239916279,-0.509686332478,18.1966307304,6.16793119432,0.264575509506,0.0,-3.20942271797,-0.88110200496,5.10638748356,-0.109325773201,0.217956098229,0.0,483.4865316035213,483.18155322545545,482.85133160044313,481.98310928378567
3.000000000000002,-2.82142339517,-0.565244668256,18.5083372051,6.16101676277,0.277590543306,0.0,-3.42590069736,-0.971400960662,5.28201131598,-0.130955069874,0.214758179815,0.0,500.7543084393795,500.5623003317021,500.661644142998,499.07466663785436
3.0600000000000023,-3.03173988689,-0.625514135204,18.8235428922,6.15290169633,0.290212354105,0.0,-3.58568849895,-1.0381569342,5.22432708715,-0.145625817709,0.199703291244,0.0,431.54922791094765,430.3212014164298,430.4370385593271,429.1756314700597
3.1200000000000023,-3.25334006557,-0.690561123576,19.1400909634,6.1441022711,0.302062911459,0.0,-3.80197723091,-1.13078723836,5.32574103385,-0.148801086741,0.192722976426,0.0,484.1147301121748,483.6237483027162,482.3875727107178,482.12938432470423
3.1800000000000024,-3.48785817947,-0.761195190767,19.4616050913,6.13496517788,0.313246094639,0.0,-4.01621508615,-1.22438023986,5.39001808013,-0.160355244947,0.16907899504,0.0,475.5858528663488,473.801886305517,475.28748072588445,474.38057910868076
3.2400000000000024,-3.73618653318,-0.83794708877,19.7890628168,6.12514302378,0.322948189796,0.0,-4.26214047127,-1.33480032577,5.52337314134,-0.171404590106,0.139855877826,0.0,499.1440165464898,497.0275708232039,499.9630117254312,499.1347303667006
3.3000000000000025,-3.9994146546,-0.921489720305,20.1241690118,6.11465422771,0.331618045067,0.0,-4.51270571744,-1.45078059134,5.6449879624,-0.182678898481,0.152449431114,0.0,498.6716026132699,499.6077561754637,499.3687159511594,498.5195620663913
3.3600000000000025,-4.27685293271,-1.01169766231,20.4635077455,6.1038010046,0.340536705957,0.0,-4.73591103624,-1.5569474082,5.6650159119,-0.177529531278,0.139687332973,0.0,472.1593635048984,471.1927521241525,470.86069400768145,471.2293659287657
3.4200000000000026,-4.56733679852,-1.10819120467,20.8024673246,6.09269081783,0.348920005994,0.0,-4.94754224854,-1.6602546469,5.63266655516,-0.20831653756,0.139790169123,0.0,456.66802253334754,456.69378218994024,458.66148394310846,456.17584667745615
3.4800000000000026,-4.86951713612,-1.21044974021,21.1362395969,6.08029250949,0.357426101814,0.0,-5.12590219615,-1.74917105234,5.49276383573,-0.203482708729,0.145452812257,0.0,421.82493311978254,422.3336423632133,421.80462246241143,422.1775190014301
3.5400000000000027,-5.18470421285,-1.31937071273,21.46715549,6.06809534829,0.366035965549,0.0,-5.38090271505,-1.8823751971,5.53605858989,-0.202896179311,0.139274302537,0.0,484.6020410261587,484.1546089898015,485.3435449039995,485.3508511533699
3.6000000000000028,-5.5149688695,-1.43626463087,21.7994746126,6.05657493927,0.374455326757,0.0,-5.62848881063,-2.01485721452,5.53974674885,-0.176197372299,0.14233883951,0.0,476.103225710399,476.354546245029,474.424262372464,476.4363539373271
3.660000000000003,-5.85733835218,-1.55960699378,22.1246408813,6.04600497541,0.382858164761,0.0,-5.78472318492,-2.09721067249,5.29937584473,-0.176103614042,0.135023991686,0.0,391.82872891058395,391.16895701806527,392.5224376079041,392.4967441068825
3.720000000000003,-6.21113097003,-1.68911720633,22.4399181586,6.03506453278,0.39041473054,0.0,-6.00901635924,-2.22043621472,5.20894785778,-0.19925924431,0.0933009394369,0.0,448.9018785288959,445.51566228522125,448.43213769343663,446.51405124320627
3.780000000000003,-6.57915484795,-1.826549796,22.7511195062,6.02321831784,0.39580999086,0.0,-6.2588545192,-2.3613829283,5.16319608808,-0.194026268031,0.0821256367001,0.0,464.8204013744263,463.94988151702853,465.0622282325209,465.4358297567109
3.840000000000003,-6.96183855195,-1.97233064175,23.0583806964,6.01188721383,0.400760188017,0.0,-6.49771475546,-2.49866798488,5.07786082383,-0.180127285906,0.0832476155789,0.0,453.8351080186782,453.93055300586786,453.6536929501019,454.7346815317318
3.900000000000003,-7.35950833516,-2.12684062112,23.3615983207,6.00087967986,0.405995982501,0.0,-6.75831576799,-2.65227528422,5.02806759381,-0.191117340338,0.0942759748928,0.0,468.93724934800923,469.79920322767384,468.2592415493417,467.3723575157103
3.960000000000003,-7.77179725617,-2.28997857183,23.6591168941,5.99000367065,0.411408054539,0.0,-6.98522982578,-2.78629078934,4.88846226981,-0.166600071178,0.080469710297,0.0,440.3373783487915,439.20022877546694,439.6664723834298,441.6610515980257
4.020000000000002,-8.1978939035,-2.46133034152,23.9482771793,5.9806342396,0.416327940415,0.0,-7.21854132717,-2.92596889007,4.74944924852,-0.14082871177,0.0848901602793,0.0,442.2293220201163,442.5988807886056,441.02604996067146,443.1264230658827
4.080000000000001,-8.63838465854,-2.64135417958,24.2295485827,5.9721254804,0.421409038384,0.0,-7.46500733671,-3.07525290231,4.62532871932,-0.143854469751,0.0842716624684,0.0,449.3996202985634,449.35525844264765,449.8127956690872,449.549137247256
4.14,-9.09325105743,-2.83006626599,24.502082005,5.96358573723,0.426689153143,0.0,-7.69783360401,-3.21561001342,4.45842519788,-0.139443797541,0.0945733131938,0.0,436.03595389837915,436.902541291636,435.7561929342192,436.10555525815033
4.199999999999998,-9.56210605874,-3.02721277665,24.7642259426,5.95634566813,0.432715230304,0.0,-7.93135239283,-3.35633504255,4.27901589953,-0.0976797609572,0.110131753569,0.0,433.28102705676173,434.5963826195841,430.9872335218582,434.48910673315083
4.259999999999997,-10.0458498619,-3.23338274577,25.0169651717,5.95086629587,0.439381852773,0.0,-8.19405390455,-3.51617508643,4.14451782038,-0.0809496623865,0.112997469313,0.0,452.03000207485604,452.2716442765048,450.697694751514,452.0412856418489
4.319999999999996,-10.5454128691,-3.44912683769,25.2612719763,5.945782791,0.445711125921,0.0,-8.4586849967,-3.67543428292,3.99796353479,-0.093604944825,0.0829729195133,0.0,451.97407639960755,449.5560697183932,449.941297460823,448.90933673428015
4.379999999999995,-11.0604448043,-3.67409006256,25.4955194313,5.94026059983,0.450565098369,0.0,-8.70973268071,-3.82361132285,3.80953472343,-0.0890730214972,0.076394954187,0.0,437.0680752887227,436.5246961423564,437.2136287066947,437.58389388795007
4.439999999999993,-11.59150547,-3.90857236913,25.7199115724,5.93479217703,0.455996030805,0.0,-8.99284349437,-3.992618009,3.668987177,-0.0956302714908,0.109570034106,0.0,455.7530113333005,458.4039705242169,456.890138913674,456.36011502476975
4.499999999999992,-12.139873495,-4.15336522491,25.9360005349,5.92911754332,0.462088435651,0.0,-9.28666596246,-4.1672496394,3.53252787771,-0.0925516587206,0.0762402485729,0.0,463.080709781625,460.45860346546266,461.1631413190064,461.3991014690522
4.559999999999991,-12.7060490284,-4.40870448425,26.1437395237,5.92453054893,0.466307314077,0.0,-9.58637606833,-4.34416116617,3.39076347905,-0.0556248651075,0.0545505673731,0.0,463.64016471837516,461.9357809025872,461.749340357749,464.6493250302677
4.6199999999999894,-13.2896314314,-4.67419714206,26.341443629,5.92176255581,0.469239970345,0.0,-9.86705895025,-4.50573056395,3.19851011871,-0.0318611214854,0.0340255683587,0.0,448.34093067965944,446.6709842998681,446.41849877177356,448.35268340780266
4.679999999999988,-13.8889467558,-4.94853856779,26.5251425146,5.91978721729,0.471003149102,0.0,-10.1111205785,-4.63930787504,2.92460606843,-0.0351334766143,0.017958236481,0.0,418.84739936389093,417.4474362454334,417.32794693506423,417.0416066901401
4.739999999999987,-14.5035930506,-5.23129973745,26.693255988,5.91753922559,0.471943257558,0.0,-10.3779989985,-4.78634530761,2.67876197529,-0.0425954308623,0.0106432659988,0.0,429.465833320443,428.8446096012277,429.93029750202163,429.29662852220395
4.799999999999986,-15.1350305752,-5.52335759154,26.8476153675,5.91503399745,0.472509192877,0.0,-10.6707180367,-4.94913759097,2.46582899871,-0.0401219863577,0.0068930021231,0.0,444.19166863834505,443.8837785972832,442.47638603321116,442.67909936678865
4.859999999999984,-15.7852866462,-5.82599640194,26.9910403993,5.91288794848,0.472929004185,0.0,-11.005071619,-5.13887807247,2.31376813125,-0.028237298735,0.00720376384169,0.0,467.594355018576,467.6184586642329,467.5894496553646,468.5141853495497
4.919999999999983,-16.4553137372,-6.13973603818,27.1243369679,5.91127191328,0.473177953595,0.0,-11.3299293124,-5.31921971811,2.12841980679,-0.0244472297767,-0.00279332100967,0.0,458.2081695383163,457.4123737450821,459.36501075438235,459.66542578807093
4.979999999999982,-17.1434891392,-6.46325285706,27.2435719682,5.90946724362,0.47315186341,0.0,-11.6104576641,-5.46505820335,1.84575551249,-0.044782539002,0.00390824033917,0.0,423.82512999109036,424.40096693012316,424.34584414338815,422.59547402988545
5.0399999999999805,-17.8476643893,-6.7948300714,27.343811013,5.90698518653,0.473272834212,0.0,-11.8635547905,-5.58809197756,1.49558995043,-0.0352904034899,-0.00206561504322,0.0,396.6857153009448,396.1364897138013,396.93447702388835,397.8038476132709
